Title: Table of TOI data to date 																		
																		
Authors: Fortenbach, C. D.																	
																		
																		
Table: Catalog of TOIs through 04-03-2020, from TESS ExoFOP (https://exofop.ipac.caltech.edu/tess/)																		
================================================================================																		
Byte-by-byte Description of file: 																		
--------------------------------------------------------------------------------																		
   Bytes Format Units  Label    Explanations																		
--------------------------------------------------------------------------------																		
   1-  8 F8.4   deg    RAdeg    Right Ascension in decimal degrees (J2000)																		
  10- 18 F9.5   deg    DEdeg    Declination in decimal degrees (J2000)																		
  20- 26 F7.4   Rgeo   Rp       Planetary radius in Earth units																		
  28- 35 F8.4   d      Per      Period																		
  37- 45 E9.3   ---    S        Planetary insolation in Earth units																		
  47- 53 F7.4   m/s    K        Radial-velocity semiamplitude																		
  55- 60 F6.4   solRad R*       Stellar radius																		
  62- 70 E9.3   K      Teff     Stellar effective temperature																		
  72- 77 F6.3   mag    Vmag     Apparent V band magnitude																		
  79- 84 F6.3   mag    Imag     Apparent I_C_ band magnitude																		
  86- 91 F6.3   mag    Jmag     Apparent J band magnitude																		
  93- 98 F6.3   mag    Ksmag    Apparent K_s_ band magnitude																		
 100-104 F5.2   mag    DM       Distance Modulus																		
 106-111 F6.3   ---    Dil      Dilution parameter for all detected eclipses																		
 113-118 F6.3   [-]    logsigV  Log standard deviation in relative flux (1)																		
 120-127 F8.3   ---    SNR      Signal-to-Noise Ratio																		
     129 I1     ---    Mult     Number of other planets orbiting the star																		
--------------------------------------------------------------------------------																		
Note (1): Due to stellar variability, after phase-folding all of the 																		
          transits together.																		
--------------------------------------------------------------------------------																		
99.2384		-58.0162	1.891011	10.691632	5.83E+01	0	0.83	5.33E+03	0	0	8.5390	0	0	0	0	0	0		
332.9483	-58.9461	2.386458	5.077677	6.46E+00	0	0.29	3.32E+03	0	0	11.5310	0	0	0	0	0	0		
23.5934		-66.6764	2.863905	4.653811	1.88E+02	0	0.90	5.15E+03	0	0	9.4660	0	0	0	0	0	0		
23.5934		-66.6764	2.861244	9.150607	7.64E+01	0	0.90	5.15E+03	0	0	9.4660	0	0	0	0	0	0		
23.5934		-66.6764	2.899664	19.981867	2.69E+01	0	0.90	5.15E+03	0	0	9.4660	0	0	0	0	0	0		
79.5210		-80.9644	2.766351	4.940663	5.96E+02	0	1.31	6.09E+03	0	0	7.3110	0	0	0	0	0	0		
12.5468		-83.7438	2.367528	14.339928	1.15E+02	0	1.14	6.30E+03	0	0	6.9490	0	0	0	0	0	0		
338.3997	-43.4369	3.307084	2.109307	6.87E+02	0	0.88	5.67E+03	0	0	10.1410	0	0	0	0	0	0		
354.3974	-58.9551	2.160801	8.1952		2.46E+01	0	0.71	4.03E+03	0	0	8.8890	0	0	0	0	0	0		
350.0286	-60.0657	1.583888	1.401461	1.52E+02	0	0.60	3.79E+03	0	0	7.9410	0	0	0	0	0	0		
340.4962	-69.1721	1.267697	0.46291		6.46E+01	0	0.18	3.04E+03	0	0	10.0460	0	0	0	0	0	0		
336.4024	-34.9097	2.687866	11.058421	2.40E+01	0	0.74	4.36E+03	0	0	8.3710	0	0	0	0	0	0		
338.9837	-59.8648	1.974088	1.007908	2.93E+03	0	1.19	5.80E+03	0	0	6.8060	0	0	0	0	0	0		
84.2993		-80.4646	1.72231		6.267726	2.53E+02	0	1.00	5.95E+03	0	0	4.8690	0	0	0	0	0	0		
83.3491		-58.7451	3.59995		1.59783		9.56E+02	0	0.79	5.04E+03	0	0	10.2770	0	0	0	0	0	0		
311.6436	-37.9044	3.38244		2.31257		1.49E+02	0	0.65	4.80E+03	0	0	10.5530	0	0	0	0	0	0		
55.4590		-62.7673	1.836502	29.796715	1.21E+01	0	0.73	4.81E+03	0	0	7.8650	0	0	0	0	0	0		
55.4590		-62.7673	1.329708	12.160999	3.99E+01	0	0.73	4.81E+03	0	0	7.8650	0	0	0	0	0	0		
55.4590		-62.7673	0.990529	3.975995	1.77E+02	0	0.73	4.81E+03	0	0	7.8650	0	0	0	0	0	0		
124.5329	-68.3145	1.370212	3.690638	4.77E+01	0	0.31	3.47E+03	0	0	7.9330	0	0	0	0	0	0		
124.5329	-68.3145	1.470298	7.450804	4.96E+00	0	0.31	3.47E+03	0	0	7.9330	0	0	0	0	0	0		
124.5329	-68.3145	0.857868	2.253089	2.44E+01	0	0.31	3.47E+03	0	0	7.9330	0	0	0	0	0	0		
20.4384		-46.7147	2.175406	2.853133	4.30E+01	0	0.53	3.70E+03	0	0	8.1680	0	0	0	0	0	0		
7.3020		-30.4541	2.773247	6.558054	3.58E+01	0	0.70	4.11E+03	0	0	9.3720	0	0	0	0	0	0		
7.3020		-30.4541	3.751004	10.354252	1.95E+01	0	0.70	4.11E+03	0	0	9.3720	0	0	0	0	0	0		
7.3020		-30.4541	2.323174	9.955936	2.05E+01	0	0.70	4.11E+03	0	0	9.3720	0	0	0	0	0	0		
44.2620		-56.1919	2.813921	4.137394	1.81E+02	0	0.84	5.06E+03	0	0	7.4280	0	0	0	0	0	0		
2.2715		-27.1217	1.562493	20.427265	2.65E+00	0	0.44	3.76E+03	0	0	8.6550	0	0	0	0	0	0		
87.4018		-54.9104	1.764448	5.849173	5.74E+02	0	1.48	6.46E+03	0	0	8.1030	0	0	0	0	0	0		
43.0181		-67.6870	1.221202	51.953236	1.14E+00	0	0.24	3.20E+03	0	0	10.5600	0	0	0	0	0	0		
12.9760		-59.3436	2.66922		43.828625	1.63E+01	0	1.04	5.61E+03	0	0	8.6010	0	0	0	0	0	0		
7.9755		-56.9651	2.683795	4.251801	1.19E+03	0	1.49	6.22E+03	0	0	8.9680	0	0	0	0	0	0		
53.2816		-72.7441	2.699274	22.4536		3.38E+01	0	0.99	5.49E+03	0	0	9.7130	0	0	0	0	0	0		
19.3942		-66.9031	2.649894	4.379757	1.47E+02	0	0.82	4.89E+03	0	0	10.0180	0	0	0	0	0	0		
38.8873		-71.6242	2.681291	23.519835	5.64E+00	0	0.71	4.57E+03	0	0	8.7820	0	0	0	0	0	0		
99.4588		-70.9313	1.929915	18.553133	3.29E+01	0	0.90	5.35E+03	0	0	7.3110	0	0	0	0	0	0		
99.4588		-70.9313	1.004227	9.695722	7.82E+01	0	0.90	5.35E+03	0	0	7.3110	0	0	0	0	0	0		
7.3180		-63.7906	3.496061	26.296721	3.46E+01	0	1.02	5.82E+03	0	0	9.9200	0	0	0	0	0	0		
91.7997		-61.9972	3.207868	10.695237	1.43E+02	0	0.91	5.27E+03	0	0	9.0300	0	0	0	0	0	0		
356.4925	-56.3440	1.671618	0.62425		3.54E+02	0	0.53	3.77E+03	0	0	10.7090	0	0	0	0	0	0		
339.6776	-25.6319	3.290507	14.445918	3.71E+01	0	0.87	5.06E+03	0	0	9.5100	0	0	0	0	0	0		
346.3192	-36.9456	3.929267	13.340145	2.68E+02	0	1.58	6.47E+03	0	0	8.2970	0	0	0	0	0	0		
343.7086	-18.9124	2.570156	11.665865	5.36E+00	0	0.46	3.64E+03	0	0	9.9430	0	0	0	0	0	0		
353.2435	-29.4165	1.741587	5.433729	3.32E+00	0	0.21	3.14E+03	0	0	11.7400	0	0	0	0	0	0		
349.2311	-18.6066	1.676542	1.272419	7.53E+02	0	0.79	5.02E+03	0	0	9.2140	0	0	0	0	0	0		
14.7549		-44.1609	3.049011	19.472408	1.17E+01	0	0.76	4.33E+03	0	0	9.6450	0	0	0	0	0	0		
10.5698		-36.7180	3.399511	7.395586	2.02E+01	0	1.00	3.34E+03	0	0	8.8270	0	0	0	0	0	0		
34.6843		-54.8597	2.823531	5.991198	6.54E+02	0	1.22	5.71E+03	0	0	7.9120	0	0	0	0	0	0		
14.0800		-38.9492	2.616461	6.613147	3.41E+01	0	0.68	4.16E+03	0	0	10.0980	0	0	0	0	0	0		
353.0621	-37.2559	2.931246	4.937712	2.79E+02	0	0.94	5.86E+03	0	0	8.7660	0	0	0	0	0	0		
57.5537		-63.0539	3.90427		1.002192	1.32E+03	0	0.87	5.07E+03	0	0	10.8340	0	0	0	0	0	0		
14.3185		-51.5853	1.125571	3.515816	8.54E+01	0	0.65	4.02E+03	0	0	8.1610	0	0	0	0	0	0		
351.7054	-11.7256	3.283981	20.186539	5.57E+01	0	1.02	6.10E+03	0	0	9.2250	0	0	0	0	0	0		
11.2486		-15.2741	1.369367	24.73712	1.23E+00	0	0.19	3.13E+03	0	0	9.6120	0	0	0	0	0	0		
11.2486		-15.2741	1.136554	3.778378	4.88E+00	0	0.19	3.13E+03	0	0	9.6120	0	0	0	0	0	0		
4.7730		-9.9662		1.637881	13.470018	1.11E+01	0	0.63	4.11E+03	0	0	7.3760	0	0	0	0	0	0		
15.2181		-24.4240	2.746611	3.361391	1.48E+03	0	1.31	5.89E+03	0	0	8.5070	0	0	0	0	0	0		
15.2181		-24.4240	3.348222	13.039359	2.44E+02	0	1.31	5.89E+03	0	0	8.5070	0	0	0	0	0	0		
32.5347		-31.0706	2.443881	11.146909	5.73E+01	0	0.85	5.30E+03	0	0	7.3870	0	0	0	0	0	0		
26.2093		-18.4014	2.407741	10.767807	1.05E+02	0	0.93	5.78E+03	0	0	8.8470	0	0	0	0	0	0		
26.2093		-18.4014	1.759371	6.19132		2.19E+02	0	0.93	5.78E+03	0	0	8.8470	0	0	0	0	0	0		
68.4161		-51.9574	2.616094	5.660182	1.11E+01	0	0.42	3.55E+03	0	0	9.0990	0	0	0	0	0	0		
68.4161		-51.9574	2.35486		11.380259	4.36E+00	0	0.42	3.55E+03	0	0	9.0990	0	0	0	0	0	0		
68.4161		-51.9574	1.297578	3.360137	2.22E+01	0	0.42	3.55E+03	0	0	9.0990	0	0	0	0	0	0		
70.7755		-50.2195	2.441117	2.476082	1.22E+03	0	1.20	6.03E+03	0	0	7.9150	0	0	0	0	0	0		
130.5054	-75.8019	2.872933	0.542248	2.84E+03	0	0.83	5.18E+03	0	0	9.7470	0	0	0	0	0	0		
4.8835		-5.9116		2.630575	0.298746	8.79E+01	0	0.15	2.96E+03	0	0	11.1710	0	0	0	0	0	0		
41.1885		-32.2110	3.225623	11.494122	2.16E+01	0	0.78	4.14E+03	0	0	9.5320	0	0	0	0	0	0		
24.1684		-36.4140	2.539445	10.175948	6.49E+01	0	0.82	5.45E+03	0	0	9.3490	0	0	0	0	0	0		
66.1363		-60.1299	3.918084	5.566734	4.02E+02	0	1.49	6.00E+03	0	0	10.0050	0	0	0	0	0	0		
65.2383		-68.1027	2.858758	31.3235		6.65E+01	0	1.43	6.32E+03	0	0	8.4760	0	0	0	0	0	0		
65.2383		-68.1027	3.298918	84.216354	1.78E+01	0	1.43	6.32E+03	0	0	8.4760	0	0	0	0	0	0		
118.5693	-65.4415	2.050243	17.617634	2.34E+01	0	0.75	5.25E+03	0	0	9.0010	0	0	0	0	0	0		
84.2544		-66.7909	0.851753	1.30926		6.66E+02	0	0.73	4.78E+03	0	0	8.3730	0	0	0	0	0	0		
74.6972		-56.3938	3.028709	32.332527	2.76E+00	0	0.62	3.89E+03	0	0	10.9770	0	0	0	0	0	0		
90.9843		-60.6663	1.330181	4.511594	3.74E+01	0	0.81	5.25E+03	0	0	8.3570	0	0	0	0	0	0		
90.9843		-60.6663	1.973967	39.361081	9.26E+00	0	0.81	5.25E+03	0	0	8.3570	0	0	0	0	0	0		
354.6683	-32.8607	2.62695		10.18242	6.35E+01	0	0.76	4.85E+03	0	0	10.3290	0	0	0	0	0	0		
348.0590	-44.8765	3.97103		0.77707		1.81E+03	0	0.99	5.11E+03	0	0	10.7760	0	0	0	0	0	0		
353.9037	-44.8088	3.82155		1.53533		2.93E+01	0	0.68	4.22E+03	0	0	10.8000	0	0	0	0	0	0		
22.7575		-51.2157	3.88756		4.89388		3.18E+02	0	1.88	5.88E+03	0	0	6.6520	0	0	0	0	0	0		
42.2501		-14.5376	2.17691		2.49221		6.81E+01	0	0.57	3.86E+03	0	0	9.7330	0	0	0	0	0	0		
42.9850		-30.8141	2.372938	5.97188		4.08E+02	0	1.30	6.31E+03	0	0	5.4730	0	0	0	0	0	0		
42.9850		-30.8141	1.980951	3.586159	8.05E+02	0	1.30	6.31E+03	0	0	5.4730	0	0	0	0	0	0		
77.0476		-50.8589	3.541384	1.571151	7.16E+02	0	0.98	4.75E+03	0	0	9.8670	0	0	0	0	0	0		
74.4665		-53.8179	1.40943		2.4861		8.26E+02	0	0.99	5.93E+03	0	0	7.6830	0	0	0	0	0	0		
36.8679		-27.6361	2.210121	17.2148		3.84E+01	0	0.89	5.18E+03	0	0	7.5530	0	0	0	0	0	0		
49.2626		-42.2442	1.430284	13.173838	1.99E+00	0	0.31	3.35E+03	0	0	9.6950	0	0	0	0	0	0		
104.1817	-60.6880	0.943189	1.69992		5.81E+02	0	0.76	4.91E+03	0	0	8.2770	0	0	0	0	0	0		
56.8150		-52.9852	3.6631		1.42748		1.55E+03	0	1.50	6.00E+03	0	0	9.5310	0	0	0	0	0	0		
54.8195		-42.7630	2.31812		9.571576	1.46E+02	0	1.14	6.10E+03	0	0	7.2500	0	0	0	0	0	0		
54.8195		-42.7630	1.566935	4.040051	5.92E+02	0	1.14	6.10E+03	0	0	7.2500	0	0	0	0	0	0		
110.8518	-58.6967	3.60984		5.62145		1.25E+02	0	1.27	5.83E+03	0	0	9.5120	0	0	0	0	0	0		
78.4477		7.0558		2.02174		2.30067		1.12E+03	0	0.77	5.75E+03	0	0	9.9410	0	0	0	0	0	0		
71.9213		-17.7450	2.06229		0.99114		1.51E+03	0	0.73	5.10E+03	0	0	9.7050	0	0	0	0	0	0		
79.1022		-15.5102	2.24524		1.3208		1.24E+03	0	1.00	5.67E+03	0	0	8.9950	0	0	0	0	0	0		
60.2785		4.5409		2.31276		0.58644		6.61E+03	0	1.00	6.00E+03	0	0	7.7280	0	0	0	0	0	0		
83.2693		-26.7239	3.86782		12.45941	5.02E+01	0	0.78	4.77E+03	0	0	7.3050	0	0	0	0	0	0		
83.2693		-26.7239	1.419494	0.490058	3.12E+03	0	0.80	4.77E+03	0	0	7.3050	0	0	0	0	0	0		
56.5047		9.9903		2.67609		5.8076		6.53E+01	0	0.81	5.18E+03	0	0	8.6880	0	0	0	0	0	0		
82.2460		-17.4296	2.07554		1.0817		2.46E+03	0	1.02	5.76E+03	0	0	7.0820	0	0	0	0	0	0		
64.1902		-12.0849	3.8945		4.05203		1.86E+01	0	0.51	4.10E+03	0	0	9.4930	0	0	0	0	0	0		
64.1840		-26.7664	3.053783	17.96347	2.74E+01	0	0.83	5.23E+03	0	0	8.3000	0	0	0	0	0	0		
62.9664		-37.9397	3.95155		8.18554		3.97E+01	0	0.83	5.53E+03	0	0	9.6360	0	0	0	0	0	0		
49.6614		-42.6421	3.344451	18.082556	1.21E+00	0	0.30	3.32E+03	0	0	7.7440	0	0	0	0	0	0		
45.4625		-16.5945	1.368307	5.358807	7.38E+00	0	0.27	3.56E+03	0	0	7.2940	0	0	0	0	0	0		
58.7254		-26.4234	2.805385	1.176044	1.94E+01	0	0.18	3.05E+03	0	0	11.9010	0	0	0	0	0	0		
39.1363		-22.2450	3.127249	17.529884	2.78E+01	0	0.83	5.16E+03	0	0	8.8740	0	0	0	0	0	0		
38.2713		-10.3522	2.56584		14.490034	2.95E+01	0	0.78	4.88E+03	0	0	8.0350	0	0	0	0	0	0		
36.2765		1.3236		2.807559	4.106842	2.39E+02	0	0.92	5.21E+03	0	0	10.0230	0	0	0	0	0	0		
93.0578		-14.6493	3.685246	13.632935	8.91E+01	0	0.99	6.11E+03	0	0	8.0560	0	0	0	0	0	0		
86.7483		-32.5325	2.962175	8.259618	2.36E+01	0	0.67	4.11E+03	0	0	9.6650	0	0	0	0	0	0		
88.3785		-16.2654	3.083112	6.866196	3.69E+02	0	1.63	6.21E+03	0	0	6.3160	0	0	0	0	0	0		
83.5319		0.2078		3.153407	4.730624	7.22E+01	0	0.69	4.43E+03	0	0	10.7660	0	0	0	0	0	0		
98.4549		-58.5250	0.627402	1.744738	4.71E+01	0	0.43	3.45E+03	0	0	7.8980	0	0	0	0	0	0		
52.5405		-70.3996	2.727569	24.332541	3.07E+01	0	1.01	5.45E+03	0	0	9.2190	0	0	0	0	0	0		
52.5405		70.3996		2.206745	7.413857	1.65E+02	0	1.01	5.45E+03	0	0	9.2190	0	0	0	0	0	0		
120.5936	3.3372		1.161745	1.198126	5.37E+01	0	0.35	3.33E+03	0	0	9.6270	0	0	0	0	0	0		
119.6277	12.8833		3.839712	5.947773	5.26E+01	0	0.72	4.38E+03	0	0	10.3640	0	0	0	0	0	0		
124.6954	-6.7859		2.329152	1.701876	5.30E+02	0	1.10	4.99E+03	0	0	9.3150	0	0	0	0	0	0		
112.4464	-28.4839	3.756355	2.974175	1.39E+01	0	0.30	3.33E+03	0	0	11.5850	0	0	0	0	0	0		
106.5591	-47.5878	1.582659	0.548213	1.76E+03	0	0.78	4.59E+03	0	0	8.4030	0	0	0	0	0	0		
116.6870	6.4456		2.582442	2.774207	4.44E+02	0	0.95	5.28E+03	0	0	9.6830	0	0	0	0	0	0		
117.9246	9.3852		3.073257	18.119808	4.68E+01	0	1.00	5.56E+03	0	0	7.3040	0	0	0	0	0	0		
104.9590	-49.5075	2.809534	1.352479	4.00E+03	0	1.48	5.92E+03	0	0	7.8920	0	0	0	0	0	0		
96.6467		-38.6072	1.665999	7.187118	1.34E+02	0	0.90	5.58E+03	0	0	8.2600	0	0	0	0	0	0		
120.7900	-20.0101	3.493627	1.445433	2.93E+01	0	0.27	3.27E+03	0	0	13.1440	0	0	0	0	0	0		
115.7168	8.8669		3.618524	17.878969	6.38E+01	0	1.14	5.60E+03	0	0	9.5930	0	0	0	0	0	0		
102.6580	-37.9602	1.809812	0.522797	2.56E+04	0	1.46	7.45E+03	0	0	9.0420	0	0	0	0	0	0		
123.3443	12.2221		1.449216	1.542131	3.34E+01	0	0.27	3.44E+03	0	0	10.9210	0	0	0	0	0	0		
124.6027	-7.5712		2.023658	0.397554	3.63E+04	0	1.90	7.38E+03	0	0	7.0880	0	0	0	0	0	0		
90.1700		-8.4683		3.633732	14.821751	3.04E+02	0	1.60	7.06E+03	0	0	8.3220	0	0	0	0	0	0		
83.1164		15.5559		2.671369	0.567995	1.85E+02	0	0.37	3.46E+03	0	0	12.1240	0	0	0	0	0	0		
102.5684	-53.0055	1.825583	0.309543	5.48E+03	0	0.87	4.84E+03	0	0	9.8020	0	0	0	0	0	0		
100.3061	-3.9258		3.747202	0.530893	6.14E+01	0	0.19	3.09E+03	0	0	13.3710	0	0	0	0	0	0		
82.2901		0.3429		2.322642	1.548214	3.23E+02	0	0.66	4.67E+03	0	0	8.5920	0	0	0	0	0	0		
86.7522		-24.8426	2.442348	0.516278	5.04E+01	0	0.17	3.01E+03	0	0	12.4310	0	0	0	0	0	0		
73.2613		-45.5404	2.467289	14.058151	4.13E+01	0	0.84	5.47E+03	0	0	9.3700	0	0	0	0	0	0		
73.2613		-45.5404	2.282171	11.927552	5.56E+01	0	0.84	5.47E+03	0	0	9.3700	0	0	0	0	0	0		
73.2613		-45.5404	2.73545		40.902172	1.07E+01	0	0.84	5.47E+03	0	0	9.3700	0	0	0	0	0	0		
60.7483		9.2078		3.411592	7.048602	4.17E+02	0	1.83	6.34E+03	0	0	5.9450	0	0	0	0	0	0		
57.2255		13.4831		1.95611		2.294185	3.04E+02	0	0.71	5.06E+03	0	0	10.4630	0	0	0	0	0	0		
59.0178		-10.2720	2.400484	3.345431	4.86E+01	0	0.58	3.88E+03	0	0	10.4050	0	0	0	0	0	0		
129.6883	-13.2565	2.847985	6.397438	6.62E+01	0	0.67	4.70E+03	0	0	7.6490	0	0	0	0	0	0		
148.1852	6.2161		3.772776	10.781327	6.63E+01	0	0.88	5.39E+03	0	0	8.8790	0	0	0	0	0	0		
148.1852	6.2161		1.55421		0.446547	4.63E+03	0	0.88	5.39E+03	0	0	8.8790	0	0	0	0	0	0		
148.1852	6.2161		2.842121	16.371651	3.80E+01	0	0.88	5.39E+03	0	0	8.8790	0	0	0	0	0	0		
144.0075	-21.6651	1.304729	3.930792	1.40E+01	0	0.36	3.51E+03	0	0	7.3370	0	0	0	0	0	0		
131.0861	-28.0768	1.642414	0.846542	8.52E+01	0	0.33	3.38E+03	0	0	11.1720	0	0	0	0	0	0		
135.3405	-28.3246	3.550577	9.596295	1.28E+02	0	1.00	5.78E+03	0	0	8.1800	0	0	0	0	0	0		
122.0343	-28.0662	3.09196		3.14905		2.67E+02	0	0.80	4.84E+03	0	0	9.6050	0	0	0	0	0	0		
142.1735	-12.1672	2.729669	5.098373	1.57E+01	0	0.46	3.63E+03	0	0	8.8370	0	0	0	0	0	0		
151.5575	3.9465		1.733849	0.49359		7.24E+03	0	1.03	5.87E+03	0	0	8.5640	0	0	0	0	0	0		
146.7245	-4.2982		1.503946	0.493379	7.07E+03	0	1.01	5.91E+03	0	0	7.5110	0	0	0	0	0	0		
120.7874	-38.7420	1.751825	2.854317	4.81E+02	0	0.91	5.64E+03	0	0	8.1490	0	0	0	0	0	0		
147.8674	-4.1233		1.940277	0.493826	8.65E+03	0	1.09	6.03E+03	0	0	8.4190	0	0	0	0	0	0		
101.0717	-23.8192	3.62081		1.89253		1.53E+03	0	1.11	5.46E+03	0	0	9.2970	0	0	0	0	0	0		
149.1235	-24.0992	2.046621	3.984627	4.49E+02	0	1.02	5.90E+03	0	0	6.8390	0	0	0	0	0	0		
164.7245	-5.5475		1.90826		1.527419	4.56E+01	0	0.35	3.43E+03	0	0	10.7440	0	0	0	0	0	0		
160.1801	-31.9272	2.394312	1.001166	4.64E+03	0	1.31	6.38E+03	0	0	7.7270	0	0	0	0	0	0		
160.0658	-8.5111		2.224192	2.598654	4.75E+01	0	0.50	3.72E+03	0	0	10.4480	0	0	0	0	0	0		
160.0658	-8.5111		2.328341	4.698465	2.16E+01	0	0.50	3.72E+03	0	0	10.4480	0	0	0	0	0	0		
153.7091	-47.1549	1.402261	1.628694	2.72E+01	0	0.26	3.20E+03	0	0	9.2450	0	0	0	0	0	0		
158.9007	-5.1814		3.842242	3.948678	6.41E+02	0	1.15	5.58E+03	0	0	9.5570	0	0	0	0	0	0		
109.3308	-55.5979	3.418944	11.316715	1.02E+02	0	1.05	5.62E+03	0	0	10.2640	0	0	0	0	0	0		
111.6011	-54.4521	3.7404		3.51364		1.48E+03	0	1.63	6.28E+03	0	0	9.4910	0	0	0	0	0	0		
137.6728	-45.0988	2.16722		18.15538	4.32E+00	0	0.61	4.25E+03	0	0	8.7570	0	0	0	0	0	0		
110.1943	-55.3795	3.6977		6.87855		2.37E+02	0	2.10	6.28E+03	0	0	8.1120	0	0	0	0	0	0		
99.9538		-42.0452	3.28745		6.90741		2.99E+02	0	1.13	5.64E+03	0	0	9.6230	0	0	0	0	0	0		
73.1383		-64.9289	2.993302	21.375111	4.53E+01	0	1.06	5.59E+03	0	0	10.0550	0	0	0	0	0	0		
68.1790		-39.7909	1.071212	0.860233	1.02E+02	0	0.36	3.45E+03	0	0	9.0200	0	0	0	0	0	0		
68.1790		-39.7909	1.175902	14.775648	2.31E+00	0	0.36	3.45E+03	0	0	9.0200	0	0	0	0	0	0		
69.7042		-36.6813	2.234043	8.607221	1.25E+02	0	1.02	5.45E+03	0	0	8.6790	0	0	0	0	0	0		
87.7391		-76.6196	1.958691	15.086964	3.14E+00	0	0.43	3.57E+03	0	0	10.7140	0	0	0	0	0	0		
83.3823		-62.1090	2.689871	14.800921	7.50E+01	0	1.34	6.14E+03	0	0	9.3700	0	0	0	0	0	0		
83.3823		-62.1090	2.481645	33.621113	6.54E+01	0	1.34	6.14E+03	0	0	9.3700	0	0	0	0	0	0		
97.0957		-65.5786	2.685352	37.424812	2.74E+00	0	1.00	3.48E+03	0	0	9.4690	0	0	0	0	0	0		
97.0957		-65.5786	2.452109	9.976745	1.60E+01	0	1.00	3.48E+03	0	0	9.4690	0	0	0	0	0	0		
56.1750		-65.1983	2.174377	3.568089	6.34E+01	0	0.65	4.02E+03	0	0	10.6610	0	0	0	0	0	0		
57.9998		-59.8824	2.313787	8.672898	8.37E+01	0	0.85	5.38E+03	0	0	9.5420	0	0	0	0	0	0		
57.9998		-59.8824	2.479501	45.119968	9.29E+00	0	0.85	5.38E+03	0	0	9.5420	0	0	0	0	0	0		
91.0900		-55.3115	1.116355	3.81426		3.14E+01	0	0.50	3.63E+03	0	0	8.8010	0	0	0	0	0	0		
106.4772	-72.5588	2.533646	47.024273	5.77E+00	0	0.72	5.25E+03	0	0	10.7330	0	0	0	0	0	0		
98.7296		-67.5373	2.644564	52.809132	9.92E+00	0	1.03	5.41E+03	0	0	9.4440	0	0	0	0	0	0		
82.7649		-70.3572	1.947951	1.996071	1.37E+03	0	0.98	6.64E+03	0	0	10.2630	0	0	0	0	0	0		
65.6554		-54.1472	3.920874	32.379585	2.46E+04	0	0.15	5.00E+04	0	0	14.0890	0	0	0	0	0	0		
62.5161		-61.9427	2.391317	18.383333	1.07E+01	0	0.71	4.36E+03	0	0	10.7770	0	0	0	0	0	0		
92.9361		-65.8258	3.140625	9.531637	3.28E+01	0	0.84	4.50E+03	0	0	8.9840	0	0	0	0	0	0		
92.9361		-65.8258	3.77764		51.705353	3.54E+00	0	0.84	4.50E+03	0	0	8.9840	0	0	0	0	0	0		
92.9361		-65.8258	3.263156	53.746483	3.36E+00	0	0.84	4.50E+03	0	0	8.9840	0	0	0	0	0	0		
102.0214	-65.6243	2.445384	36.000168	4.30E+00	0	0.74	4.32E+03	0	0	9.6690	0	0	0	0	0	0		
102.0214	-65.6243	1.144488	1.871503	2.22E+02	0	0.74	4.32E+03	0	0	9.6690	0	0	0	0	0	0		
92.3924		-53.8230	3.509204	4.323236	6.79E+01	0	1.00	3.78E+03	0	0	10.2410	0	0	0	0	0	0		
92.3924		-53.8230	3.21451		10.177426	2.17E+01	0	1.00	3.78E+03	0	0	10.2410	0	0	0	0	0	0		
136.2389	-18.5027	2.98849		0.83707		2.65E+03	0	0.52	3.78E+03	0	0	11.1840	0	0	0	0	0	0		
128.1442	-36.3468	1.64663		4.10553		9.68E+02	0	0.93	5.76E+03	0	0	8.4310	0	0	0	0	0	0		
118.0372	-37.7990	2.38866		3.16043		6.17E+02	0	1.52	6.48E+03	0	0	8.2750	0	0	0	0	0	0		
63.1994		-64.3478	2.493465	12.289068	1.81E+02	0	1.32	6.01E+03	0	0	9.6740	0	0	0	0	0	0		
62.3785		-62.8515	2.376944	15.298914	9.63E+00	0	0.66	4.08E+03	0	0	10.7610	0	0	0	0	0	0		
103.2433	-70.6417	1.522499	1.418067	3.42E+02	0	0.96	4.91E+03	0	0	9.2570	0	0	0	0	0	0		
112.5553	-58.5397	2.41077		3.21263		3.29E+01	0	0.89	5.32E+03	0	0	9.0740	0	0	0	0	0	0		
133.9649	-20.2748	2.50979		0.98877		3.36E+03	0	0.84	6.17E+03	0	0	9.6930	0	0	0	0	0	0		
113.8833	-36.3870	1.99818		0.46132		9.56E+03	0	1.28	6.12E+03	0	0	9.5950	0	0	0	0	0	0		
130.7369	-2.4986		2.3057		4.72609		1.99E+01	0	0.52	3.75E+03	0	0	9.6620	0	0	0	0	0	0		
146.1215	-45.7790	0.746412	0.321941	5.33E+02	0	0.46	3.52E+03	0	0	6.6320	0	0	0	0	0	0		
154.6449	-11.7178	1.134371	0.768418	8.33E+01	0	0.30	3.33E+03	0	0	9.0070	0	0	0	0	0	0		
154.6449	-11.7178	1.785398	12.254218	2.08E+00	0	0.30	3.33E+03	0	0	9.0070	0	0	0	0	0	0		
159.4093	-40.8883	2.158625	4.886506	3.07E+02	0	0.96	5.97E+03	0	0	8.2200	0	0	0	0	0	0		
94.7547		-63.8647	2.980736	2.593694	4.32E+00	0	1.29	5.32E+03	0	0	8.8790	0	0	0	0	0	0		
165.6905	-16.4064	2.019085	4.99007		1.96E+00	0	0.15	2.94E+03	0	0	11.5590	0	0	0	0	0	0		
165.6905	-16.4064	1.037152	0.947973	1.79E+01	0	0.15	2.94E+03	0	0	11.5590	0	0	0	0	0	0		
152.1180	-50.3075	2.506924	2.13049		1.03E+03	0	1.06	5.78E+03	0	0	8.9990	0	0	0	0	0	0		
140.3994	-60.2812	0.920203	7.576262	1.26E+01	0	0.53	3.77E+03	0	0	6.4420	0	0	0	0	0	0		
140.0568	-53.1197	2.727644	0.963081	2.37E+04	0	1.69	8.69E+03	0	0	8.4480	0	0	0	0	0	0		
147.7574	-55.3183	2.1586		1.077686	2.15E+03	0	0.98	5.74E+03	0	0	9.9570	0	0	0	0	0	0		
190.0366	-44.3121	2.181962	2.540455	8.35E+02	0	1.01	6.00E+03	0	0	8.9030	0	0	0	0	0	0		
192.1038	-45.4705	2.631179	1.23938		9.87E+01	0	0.45	3.61E+03	0	0	11.1380	0	0	0	0	0	0		
187.9948	-35.5545	3.36033		17.465513	5.09E+01	0	1.03	5.50E+03	0	0	8.3500	0	0	0	0	0	0		
179.2630	-38.1048	3.036282	10.563348	2.40E+01	0	0.71	4.37E+03	0	0	9.7710	0	0	0	0	0	0		
194.4681	-39.7581	3.112288	5.604813	3.23E+02	0	1.13	5.77E+03	0	0	8.8580	0	0	0	0	0	0		
194.4681	-39.7581	3.705119	12.27633	1.14E+02	0	1.13	5.77E+03	0	0	8.8580	0	0	0	0	0	0		
78.1652		-53.7434	2.512038	0.861484	1.02E+04	0	1.46	5.72E+03	0	0	9.1190	0	0	0	0	0	0		
178.5780	-37.5534	2.157097	15.655688	5.29E+00	0	0.55	3.81E+03	0	0	8.4830	0	0	0	0	0	0		
178.5780	-37.5534	1.787437	8.243393	1.24E+01	0	0.55	3.81E+03	0	0	8.4830	0	0	0	0	0	0		
159.9330	-48.9967	3.997528	0.783907	3.25E+04	0	1.00	5.78E+03	0	0	8.1360	0	0	0	0	0	0		
183.9204	-18.9103	2.003358	16.047203	1.46E+00	0	0.30	3.33E+03	0	0	10.6750	0	0	0	0	0	0		
172.1556	-54.7842	2.442991	16.233587	1.64E+01	0	0.68	4.50E+03	0	0	8.9730	0	0	0	0	0	0		
159.3412	-63.6557	1.922705	2.796723	5.72E+02	0	0.93	5.85E+03	0	0	8.0710	0	0	0	0	0	0		
88.3373		-65.6335	3.306904	18.640884	9.68E+00	0	1.00	3.78E+03	0	0	10.2190	0	0	0	0	0	0		
100.1042	-63.3391	2.418672	12.669232	1.63E+02	0	1.41	5.85E+03	0	0	9.3020	0	0	0	0	0	0		
87.1160		-56.0041	1.491995	2.126437	2.08E+03	0	1.25	6.62E+03	0	0	9.0630	0	0	0	0	0	0		
113.6953	-61.2401	3.550984	6.487305	1.10E+03	0	2.83	5.00E+03	0	0	8.2270	0	0	0	0	0	0		
115.2702	-71.3038	1.151749	5.446722	9.35E+00	0	0.37	3.47E+03	0	0	10.5070	0	0	0	0	0	0		
106.6649	-71.4468	3.29652		52.391804	4.09E+01	0	1.43	6.27E+03	0	0	9.5260	0	0	0	0	0	0		
100.9704	-55.6390	3.045067	8.760308	3.15E+02	0	1.38	6.17E+03	0	0	9.7820	0	0	0	0	0	0		
83.9865		-67.4596	3.273008	0.808696	3.47E+03	0	1.00	5.78E+03	0	0	11.7750	0	0	0	0	0	0		
108.5631	-74.6031	1.268556	1.800809	7.50E+01	0	0.50	3.70E+03	0	0	10.4080	0	0	0	0	0	0		
108.5631	-74.6031	1.405931	4.140138	2.47E+01	0	0.50	3.70E+03	0	0	10.4080	0	0	0	0	0	0		
98.4691		-52.4603	2.178872	5.544267	2.19E+02	0	0.95	5.64E+03	0	0	9.9670	0	0	0	0	0	0		
102.2217	-73.2993	1.112357	0.775697	6.97E+03	0	1.59	6.28E+03	0	0	7.0520	0	0	0	0	0	0		
97.9857		-68.7118	0.815358	3.693839	2.70E+02	0	0.82	5.24E+03	0	0	6.8030	0	0	0	0	0	0		
91.5198		-69.4202	1.620801	1.418474	2.63E+03	0	1.22	5.99E+03	0	0	10.2260	0	0	0	0	0	0		
63.4160		-76.0980	3.601279	21.91567	1.11E+01	0	1.00	4.13E+03	0	0	10.8530	0	0	0	0	0	0		
75.9159		-66.6549	1.775317	5.270334	8.28E+01	0	0.77	4.66E+03	0	0	10.3260	0	0	0	0	0	0		
133.7485	-44.2886	2.312049	9.736402	6.53E+01	0	0.85	5.22E+03	0	0	9.3370	0	0	0	0	0	0		
82.9795		-60.4767	3.379417	183.458923	7.06E+00	0	1.31	5.80E+03	0	0	9.7750	0	0	0	0	0	0		
62.8540		-69.4749	2.341861	28.303907	5.68E+01	0	1.25	5.70E+03	0	0	9.8920	0	0	0	0	0	0		
99.7146		-53.1076	3.7188		7.21048		1.24E+02	0	2.14	5.92E+03	0	0	8.4730	0	0	0	0	0	0		
155.8720	-43.8349	2.87091		11.18395	3.77E+01	0	0.77	4.93E+03	0	0	8.5310	0	0	0	0	0	0		
116.0105	-36.9965	3.80336		1.55747		5.03E+03	0	0.62	4.15E+03	0	0	9.9510	0	0	0	0	0	0		
209.6158	-23.2776	2.806009	13.823303	4.55E+00	0	0.48	3.67E+03	0	0	9.8510	0	0	0	0	0	0		
145.6455	-62.4759	1.437509	1.042241	2.64E+02	0	0.59	3.97E+03	0	0	8.9720	0	0	0	0	0	0		
192.0573	-56.8943	3.323193	4.794426	1.84E+02	0	0.72	6.01E+03	0	0	10.1730	0	0	0	0	0	0		
225.0799	-24.4542	2.593116	8.593935	3.40E+01	0	0.71	4.48E+03	0	0	7.5800	0	0	0	0	0	0		
225.0799	-24.4542	1.813131	3.817115	1.00E+02	0	0.71	4.48E+03	0	0	7.5800	0	0	0	0	0	0		
28.7158		-29.4217	3.5949		0.76566		2.22E+03	0	0.94	5.26E+03	0	0	10.8320	0	0	0	0	0	0		
93.7294		-49.7561	1.159758	0.525102	4.65E+03	0	0.86	5.87E+03	0	0	9.3250	0	0	0	0	0	0		
81.4434		-51.3570	2.533115	0.520662	8.00E+02	0	1.00	3.46E+03	0	0	10.0530	0	0	0	0	0	0		
62.4543		-26.0221	3.793201	0.745589	7.57E+01	0	1.31	5.18E+03	0	0	9.1650	0	0	0	0	0	0		
119.0142	-64.9412	2.42374		15.403789	9.17E+01	0	1.15	5.78E+03	0	0	9.8500	0	0	0	0	0	0		
108.5680	-74.9705	1.609049	0.556109	8.97E+03	0	1.18	5.67E+03	0	0	10.1060	0	0	0	0	0	0		
53.1790		-51.7885	2.525663	26.477129	5.30E+01	0	1.24	5.91E+03	0	0	8.3500	0	0	0	0	0	0		
63.3193		-50.9443	2.142326	22.041107	4.29E+00	0	0.60	3.93E+03	0	0	9.5540	0	0	0	0	0	0		
74.7376		-50.6274	1.943332	28.693554	1.05E+01	0	0.76	4.94E+03	0	0	8.9540	0	0	0	0	0	0		
74.8682		-55.9291	2.714413	2.239596	2.34E+02	0	0.67	4.87E+03	0	0	10.9720	0	0	0	0	0	0		
56.7366		-63.3369	1.802801	5.931348	1.89E+01	0	0.54	3.80E+03	0	0	10.8530	0	0	0	0	0	0		
96.0693		-46.9376	2.22726		5.90215		6.37E+02	0	1.42	6.44E+03	0	0	8.3040	0	0	0	0	0	0		
78.0372		-37.7085	2.343228	11.020153	2.38E+01	0	0.72	4.41E+03	0	0	10.3250	0	0	0	0	0	0		
84.1093		-24.2444	3.146888	38.696289	2.14E+00	0	0.61	3.96E+03	0	0	10.3340	0	0	0	0	0	0		
93.1223		-16.7920	2.28122		4.99915		3.86E+02	0	0.79	4.70E+03	0	0	10.0030	0	0	0	0	0	0		
94.2057		-2.9291		1.54691		0.76189		6.16E+03	0	1.14	5.93E+03	0	0	8.2620	0	0	0	0	0	0		
89.1546		10.5518		3.19919		3.52985		4.72E+02	0	1.36	6.57E+03	0	0	8.6840	0	0	0	0	0	0		
98.5978		8.4136		2.90492		1.29277		3.65E+03	0	1.66	6.02E+03	0	0	8.6070	0	0	0	0	0	0		
245.9051	-31.3736	2.337732	4.84405		2.84E+01	0	0.57	3.86E+03	0	0	10.8170	0	0	0	0	0	0		
89.3713		-83.1297	2.624716	18.351894	6.90E+00	0	0.64	3.99E+03	0	0	9.6070	0	0	0	0	0	0		
53.1594		-81.2507	3.167285	3.18414		2.07E+02	0	1.08	5.50E+03	0	0	10.0400	0	0	0	0	0	0		
251.3625	-71.8396	2.734598	3.904822	8.72E+02	0	1.58	6.06E+03	0	0	6.4790	0	0	0	0	0	0		
290.2380	-82.5598	0.933214	2.028957	1.79E+01	0	0.28	3.19E+03	0	0	8.5550	0	0	0	0	0	0		
229.3286	-80.4733	2.221273	4.6791		1.48E+01	0	0.42	3.57E+03	0	0	9.0890	0	0	0	0	0	0		
234.5723	-80.8034	2.558498	11.094122	3.61E+01	0	0.75	4.95E+03	0	0	8.8420	0	0	0	0	0	0		
99.6742		-56.2205	2.61197		5.1288		1.91E+02	0	0.96	6.45E+03	0	0	10.7400	0	0	0	0	0	0		
45.9072		-39.9308	2.4296		5.82947		6.19E+01	0	0.68	4.51E+03	0	0	10.4360	0	0	0	0	0	0		
95.9410		-54.5780	2.24238		19.310961	9.90E+00	0	0.65	4.63E+03	0	0	9.7720	0	0	0	0	0	0		
76.6496		-20.2456	3.51329		4.32765		2.57E+02	0	0.91	4.92E+03	0	0	10.2310	0	0	0	0	0	0		
79.1018		-15.5127	2.72818		1.32076		1.01E+03	0	0.88	5.14E+03	0	0	9.5430	0	0	0	0	0	0		
115.1367	2.0986		3.35758		1.82401		1.99E+02	0	0.76	4.37E+03	0	0	9.5960	0	0	0	0	0	0		
114.6990	-39.1355	3.20085		4.99682		3.23E+02	0	1.09	4.97E+03	0	0	9.7350	0	0	0	0	0	0		
107.4215	-11.3289	3.71114		2.38933		2.63E+03	0	1.49	5.36E+03	0	0	9.8280	0	0	0	0	0	0		
105.0631	-2.3474		2.23876		2.78102		1.12E+02	0	0.74	4.54E+03	0	0	9.3110	0	0	0	0	0	0		
109.3828	13.3952		1.71607		2.04936		2.11E+03	0	0.99	6.86E+03	0	0	8.3160	0	0	0	0	0	0		
113.9848	-32.8420	1.3397		2.46992		5.09E+02	0	0.94	5.42E+03	0	0	7.5940	0	0	0	0	0	0		
119.3008	-42.9992	3.34688		1.90879		9.86E+02	0	1.22	6.02E+03	0	0	10.0350	0	0	0	0	0	0		
162.9649	-5.7887		3.4262		3.09574		1.81E+04	0	1.41	6.08E+03	0	0	8.1700	0	0	0	0	0	0		
167.1333	-29.6531	2.8193		3.28627		2.02E+02	0	0.69	4.25E+03	0	0	9.1880	0	0	0	0	0	0		
157.0983	-51.7054	1.03666		1.01606		2.92E+03	0	0.66	4.69E+03	0	0	6.9590	0	0	0	0	0	0		
128.3023	-52.7142	3.41658		1.44095		4.95E+03	0	1.46	6.51E+03	0	0	8.9700	0	0	0	0	0	0		
337.5103	-75.6466	3.062985	9.139804	2.43E+02	0	1.58	5.96E+03	0	0	8.5600	0	0	0	0	0	0		
339.2587	-76.9176	2.903689	5.307589	4.80E+02	0	1.38	6.12E+03	0	0	9.2110	0	0	0	0	0	0		
230.5555	-83.0562	2.277837	10.065295	6.71E+01	0	0.80	5.55E+03	0	0	8.3520	0	0	0	0	0	0		
27.7000		-75.8488	2.447778	5.010153	2.43E+02	0	0.96	5.55E+03	0	0	8.9180	0	0	0	0	0	0		
192.1849	64.8553		3.00227		6.256742	2.10E+02	0	0.98	5.73E+03	0	0	8.3630	0	0	0	0	0	0		
254.9240	64.6992		2.3762		21.743799	9.91E+01	0	0.94	5.67E+03	0	0	8.7600	0	0	0	0	0	0		
209.2172	68.6182		2.43503		8.9596		5.36E+01	0	0.76	5.03E+03	0	0	9.4670	0	0	0	0	0	0		
279.1010	55.3918		1.34277		2.6659		3.53E+02	0	0.50	4.04E+03	0	0	8.9400	0	0	0	0	0	0		
214.5558	82.1938		2.847205	9.692137	3.53E+01	0	0.73	4.74E+03	0	0	9.2370	0	0	0	0	0	0		
272.2045	60.6788		2.13684		5.74843		3.61E+01	0	0.69	4.68E+03	0	0	8.9810	0	0	0	0	0	0		
42.2477		-14.5373	3.038206	2.491115	8.19E+01	0	0.61	3.95E+03	0	0	9.5280	0	0	0	0	0	0		
180.3257	-60.2004	1.881684	0.831542	3.78E+03	0	1.15	5.82E+03	0	0	7.4530	0	0	0	0	0	0		
66.2220		-73.3335	2.87878		79.367355	3.01E+00	0	0.71	5.17E+03	0	0	10.4140	0	0	0	0	0	0		
37.1978		-80.8991	1.940673	4.178295	1.46E+00	0	0.36	3.44E+03	0	0	10.0180	0	0	0	0	0	0		
107.8437	-68.8333	3.430268	29.048824	2.26E+02	0	1.74	8.21E+03	0	0	8.8870	0	0	0	0	0	0		
156.7473	-52.4679	3.279827	24.246136	3.81E+00	0	0.41	3.54E+03	0	0	8.8760	0	0	0	0	0	0		
186.5741	-51.3631	2.766928	14.175671	6.82E+01	0	0.90	5.72E+03	0	0	8.0460	0	0	0	0	0	0		
186.5741	-51.3631	3.278464	19.593409	5.87E+01	0	0.90	5.72E+03	0	0	8.0460	0	0	0	0	0	0		
186.5741	-51.3631	2.323731	6.203183	8.14E+01	0	0.90	5.72E+03	0	0	8.0460	0	0	0	0	0	0		
152.2183	69.2766		2.12139		3.443131	5.79E+01	0	0.63	3.91E+03	0	0	8.7110	0	0	0	0	0	0		
201.3823	68.8361		2.288668	3.293706	5.70E+01	0	0.62	3.85E+03	0	0	10.0390	0	0	0	0	0	0		
201.3823	68.8361		1.280385	0.764601	3.99E+02	0	0.62	3.85E+03	0	0	10.0390	0	0	0	0	0	0		
248.5533	60.1959		1.884713	0.381484	1.84E+03	0	0.71	4.26E+03	0	0	10.5300	0	0	0	0	0	0		
135.7326	71.6364		2.585771	4.662836	1.73E+01	0	0.49	3.49E+03	0	0	9.7310	0	0	0	0	0	0		
256.2795	69.5191		2.389882	6.398386	5.65E+01	0	0.72	4.60E+03	0	0	10.0750	0	0	0	0	0	0		
283.5355	69.6335		3.00638		4.820718	2.26E+01	0	0.52	3.69E+03	0	0	10.8630	0	0	0	0	0	0		
251.1159	70.4300		3.332019	18.652357	2.78E+01	0	0.88	5.14E+03	0	0	10.2940	0	0	0	0	0	0		
251.1159	70.4300		3.001516	4.307412	1.96E+02	0	0.88	5.14E+03	0	0	10.2940	0	0	0	0	0	0		
251.1159	70.4300		2.6288		5.903194	1.29E+02	0	0.88	5.14E+03	0	0	10.2940	0	0	0	0	0	0		
227.8679	71.8413		2.800653	15.923849	7.09E+01	0	1.08	5.71E+03	0	0	7.8710	0	0	0	0	0	0		
200.5616	66.3085		3.264862	13.078807	6.92E+01	0	1.00	5.45E+03	0	0	9.5360	0	0	0	0	0	0		
269.8074	64.1426		3.834521	1.441504	5.52E+03	0	1.58	6.60E+03	0	0	6.4800	0	0	0	0	0	0		
296.2446	74.0629		2.827745	10.288452	5.98E+01	0	0.87	5.13E+03	0	0	8.3860	0	0	0	0	0	0		
157.1441	65.8542		2.40109		3.12716		1.03E+02	0	0.69	4.23E+03	0	0	9.6980	0	0	0	0	0	0		
157.1441	65.8542		2.675979	7.491237	3.22E+01	0	0.69	4.23E+03	0	0	9.6980	0	0	0	0	0	0		
309.3536	22.6544		1.427326	1.021332	1.14E+03	0	0.82	5.10E+03	0	0	7.6360	0	0	0	0	0	0		
197.9966	65.8337		2.411583	10.895411	5.51E+00	0	0.44	3.62E+03	0	0	9.7060	0	0	0	0	0	0		
197.9966	65.8337		1.674532	18.79545	2.66E+00	0	0.44	3.62E+03	0	0	9.7060	0	0	0	0	0	0		
249.6966	64.5592		2.659917	4.252709	2.31E+02	0	0.85	5.59E+03	0	0	10.3030	0	0	0	0	0	0		
249.6966	64.5592		2.315918	9.239092	8.22E+01	0	0.85	5.59E+03	0	0	10.3030	0	0	0	0	0	0		
302.6691	40.6686		2.337752	6.264298	2.77E+00	0	0.21	3.15E+03	0	0	10.7950	0	0	0	0	0	0		
172.7478	66.7965		3.549235	37.074383	1.33E+01	0	0.86	5.54E+03	0	0	9.1400	0	0	0	0	0	0		
185.0629	56.2014		2.726668	9.614678	7.47E+01	0	0.84	5.48E+03	0	0	9.3340	0	0	0	0	0	0		
291.4653	61.7762		3.169424	9.703121	3.64E+01	0	0.75	4.67E+03	0	0	9.6820	0	0	0	0	0	0		
199.4426	71.7211		2.792676	6.391213	4.51E+02	0	1.32	6.19E+03	0	0	9.1560	0	0	0	0	0	0		
311.5137	56.8672		2.558112	1.283251	1.72E+02	0	0.56	3.86E+03	0	0	11.2960	0	0	0	0	0	0		
316.8673	46.8654		1.866263	1.228439	1.18E+02	0	0.53	3.53E+03	0	0	9.4880	0	0	0	0	0	0		
308.7476	63.4749		2.584434	9.602018	1.93E+02	0	1.21	5.89E+03	0	0	8.0410	0	0	0	0	0	0		
307.2110	33.4140		2.201488	0.581322	1.95E+02	0	0.39	3.45E+03	0	0	11.5180	0	0	0	0	0	0		
291.0323	49.0402		2.421951	5.400569	4.47E+02	0	1.26	5.88E+03	0	0	8.9750	0	0	0	0	0	0		
230.3101	63.5653		3.7443		1.68481		9.55E+02	0	1.11	5.90E+03	0	0	10.2820	0	0	0	0	0	0		
275.8625	71.5817		2.449728	6.096375	6.99E+01	0	0.72	4.82E+03	0	0	9.6760	0	0	0	0	0	0		
318.6271	40.0170		3.8132		1.78411		5.05E+02	0	0.88	5.16E+03	0	0	8.5790	0	0	0	0	0	0		
322.9266	41.7975		2.27684		1.07922		1.26E+03	0	0.68	4.35E+03	0	0	8.9590	0	0	0	0	0	0		
302.0256	66.8503		3.247601	8.880832	9.91E+01	0	0.92	5.56E+03	0	0	7.5970	0	0	0	0	0	0		
302.0256	66.8503		3.067978	28.579357	2.09E+01	0	0.92	5.56E+03	0	0	7.5970	0	0	0	0	0	0		
256.6227	68.8433		2.06065		5.50261		1.33E+02	0	0.77	4.99E+03	0	0	9.9090	0	0	0	0	0	0		
256.6227	68.8433		1.979445	1.762233	4.69E+02	0	0.78	4.99E+03	0	0	9.9090	0	0	0	0	0	0		
280.3267	70.2901		2.10618		0.8475		1.88E+03	0	0.89	5.30E+03	0	0	10.0110	0	0	0	0	0	0		
282.1734	70.8402		1.83828		2.14056		3.16E+02	0	0.84	4.57E+03	0	0	9.6670	0	0	0	0	0	0		
231.1621	67.4648		2.7546		12.71672	3.41E+01	0	1.27	5.71E+03	0	0	8.7160	0	0	0	0	0	0		
316.9558	50.5009		2.81803		0.33759		1.75E+04	0	1.48	6.18E+03	0	0	9.6840	0	0	0	0	0	0		
317.9661	43.5929		3.0064		1.25562		2.61E+03	0	1.76	5.62E+03	0	0	8.4450	0	0	0	0	0	0		
341.5187	55.1629		3.89595		0.78381		9.40E+03	0	1.72	7.84E+03	0	0	8.5150	0	0	0	0	0	0		
343.6350	54.1618		2.80045		2.72638		7.45E+02	0	0.85	5.11E+03	0	0	9.7860	0	0	0	0	0	0		
321.2832	40.8878		3.59678		0.98736		2.09E+03	0	1.78	5.97E+03	0	0	9.5900	0	0	0	0	0	0		
292.1961	58.6148		3.228423	6.869564	2.45E+02	0	1.06	6.05E+03	0	0	10.3890	0	0	0	0	0	0		
334.8828	42.5603		2.943638	1.216835	5.66E+02	0	0.78	4.63E+03	0	0	9.2510	0	0	0	0	0	0		
232.9460	47.0556		1.430747	1.452006	2.76E+02	0	0.69	4.18E+03	0	0	7.9980	0	0	0	0	0	0		
333.2532	37.6276		3.718569	6.116688	1.49E+02	0	0.89	5.43E+03	0	0	9.4150	0	0	0	0	0	0		
216.9235	41.9530		1.659544	1.06969		9.46E+02	0	0.80	4.95E+03	0	0	8.2660	0	0	0	0	0	0		
254.9586	58.4626		1.519778	0.676324	1.07E+05	0	2.95	8.48E+03	0	0	6.5730	0	0	0	0	0	0		
354.2408	39.6393		3.79887		12.99844	9.06E+01	0	1.01	5.91E+03	0	0	9.5850	0	0	0	0	0	0		
339.0334	37.8410		1.99		0.78999		5.50E+03	0	1.10	5.56E+03	0	0	9.1460	0	0	0	0	0	0		
300.6155	53.3774		2.229178	7.434007	7.25E+01	0	0.78	5.06E+03	0	0	7.6460	0	0	0	0	0	0		
329.4018	36.3214		2.30316		6.11219		1.02E+02	0	0.97	5.46E+03	0	0	8.8110	0	0	0	0	0	0		
176.3806	65.5413		2.029456	29.889399	1.20E+01	0	0.74	5.39E+03	0	0	7.3520	0	0	0	0	0	0		
203.5380	67.6212		1.15986		0.685999	2.01E+03	0	0.82	5.14E+03	0	0	9.2290	0	0	0	0	0	0		
215.6022	55.3343		1.717836	0.867492	1.12E+03	0	0.75	5.01E+03	0	0	10.2900	0	0	0	0	0	0		
256.1388	56.8426		2.348959	18.840143	8.78E+01	0	1.22	6.09E+03	0	0	8.1770	0	0	0	0	0	0		
280.9238	74.9378		2.81252		5.14002		1.26E+01	0	0.82	5.37E+03	0	0	9.5840	0	0	0	0	0	0		
280.9238	74.9378		2.31927		9.427131	6.41E+01	0	0.82	5.37E+03	0	0	9.5840	0	0	0	0	0	0		
283.7945	64.5314		3.080011	15.516857	6.74E+01	0	1.00	5.78E+03	0	0	8.9380	0	0	0	0	0	0		
305.4129	58.1408		2.780422	22.095791	6.68E+01	0	1.24	5.89E+03	0	0	8.8990	0	0	0	0	0	0		
287.2921	74.1743		1.109103	0.409056	2.07E+02	0	0.31	3.33E+03	0	0	10.9250	0	0	0	0	0	0		
297.3987	76.1392		2.88168		23.5352		1.39E+02	0	0.75	5.24E+03	0	0	9.1780	0	0	0	0	0	0		
305.4749	70.9437		1.280972	0.470242	5.03E+03	0	0.92	5.47E+03	0	0	9.4650	0	0	0	0	0	0		
292.7678	71.4974		3.782356	9.812407	1.68E+02	0	1.06	6.24E+03	0	0	10.0570	0	0	0	0	0	0		
302.0015	51.3618		2.224311	6.31719		1.08E+02	0	0.83	5.18E+03	0	0	9.9800	0	0	0	0	0	0		
316.3240	57.7711		3.790708	8.113675	5.35E+00	0	0.38	3.39E+03	0	0	11.5990	0	0	0	0	0	0		
300.7087	39.6684		1.62458		2.3689		4.28E+02	0	0.60	5.78E+03	0	0	9.5180	0	0	0	0	0	0		
286.8541	59.0866		1.033222	2.043923	4.49E+01	0	0.47	3.41E+03	0	0	8.4570	0	0	0	0	0	0		
186.5243	61.2589		2.724849	33.072563	2.53E+01	0	1.03	5.78E+03	0	0	8.3800	0	0	0	0	0	0		
290.1740	73.1951		1.830797	11.064093	2.02E+00	0	0.28	3.25E+03	0	0	10.6040	0	0	0	0	0	0		
258.2233	57.1978		2.28874		6.58868		5.11E+01	0	0.71	4.92E+03	0	0	9.2750	0	0	0	0	0	0		
258.2233	57.1978		1.211208	4.313222	1.13E+02	0	0.71	4.92E+03	0	0	9.2750	0	0	0	0	0	0		
19.3618		26.7460		2.494909	9.155934	6.62E+01	0	0.82	5.22E+03	0	0	9.4250	0	0	0	0	0	0		
261.3496	52.7905		1.273608	2.178256	1.46E+03	0	1.26	5.80E+03	0	0	5.2690	0	0	0	0	0	0		
288.3850	62.2031		3.304004	11.327525	5.60E+01	0	0.85	5.29E+03	0	0	10.0270	0	0	0	0	0	0		
307.3965	61.5507		2.491658	1.871529	2.34E+02	0	0.75	4.20E+03	0	0	9.9570	0	0	0	0	0	0		
19.1146		49.2331		1.827003	5.973384	1.81E+01	0	0.49	3.83E+03	0	0	9.3800	0	0	0	0	0	0		
16.6539		19.2249		2.333273	15.531925	2.14E+00	0	0.37	3.38E+03	0	0	9.3430	0	0	0	0	0	0		
16.6539		19.2249		1.452351	1.880305	3.57E+01	0	0.37	3.38E+03	0	0	9.3430	0	0	0	0	0	0		
348.3372	57.1696		1.288563	3.093066	1.93E+02	0	0.75	4.88E+03	0	0	3.9810	0	0	0	0	0	0		
348.3372	57.1696		1.467504	6.765434	6.79E+01	0	0.75	4.88E+03	0	0	3.9810	0	0	0	0	0	0		
10.0891		61.2134		2.131293	2.527153	4.54E+01	0	0.49	3.62E+03	0	0	10.1540	0	0	0	0	0	0		
15.5981		37.1854		2.49336		5.255294	3.00E+02	0	0.99	5.96E+03	0	0	7.7110	0	0	0	0	0	0		
349.2891	70.1906		3.721601	5.222621	2.79E+00	0	0.28	3.45E+03	0	0	12.7100	0	0	0	0	0	0		
281.1979	62.6856		1.21358		0.26665		3.17E+03	0	0.63	4.15E+03	0	0	8.7280	0	0	0	0	0	0		
261.9210	57.5106		2.20075		1.89379		5.03E+03	0	1.99	7.14E+03	0	0	7.7250	0	0	0	0	0	0		
1.8878		32.4375		3.54647		0.86673		1.52E+03	0	1.25	5.90E+03	0	0	9.2350	0	0	0	0	0	0		
343.2332	59.8510		3.86667		0.8158		2.52E+04	0	1.85	7.86E+03	0	0	9.6290	0	0	0	0	0	0		
339.1204	52.1157		3.73295		1.65445		7.31E+03	0	1.43	6.73E+03	0	0	9.8310	0	0	0	0	0	0		
331.5699	52.7019		3.92986		1.24564		1.58E+03	0	1.48	6.15E+03	0	0	9.4590	0	0	0	0	0	0		
355.2467	57.4852		3.04927		3.6462		1.13E+02	0	0.90	4.97E+03	0	0	9.3400	0	0	0	0	0	0		
348.5815	44.5088		3.38412		6.49052		1.18E+02	0	0.98	5.65E+03	0	0	9.9050	0	0	0	0	0	0		
1.1968		41.5939		3.5661		1.13345		2.93E+03	0	1.53	5.91E+03	0	0	9.3200	0	0	0	0	0	0		
355.4519	37.1866		3.45648		0.71933		3.96E+03	0	1.44	5.76E+03	0	0	9.7610	0	0	0	0	0	0		
4.3585		42.2822		3.58032		12.6017		1.38E+02	0	1.20	5.89E+03	0	0	8.1950	0	0	0	0	0	0		
28.6603		37.0050		3.780692	1.103694	8.05E+03	0	1.73	6.01E+03	0	0	8.1000	0	0	0	0	0	0		
288.6754	60.6709		2.93347		13.3118		9.07E+01	0	1.08	5.73E+03	0	0	9.6930	0	0	0	0	0	0		
263.5434	61.1215		2.30124		2.52894		2.85E+02	0	1.15	5.79E+03	0	0	9.8040	0	0	0	0	0	0		
325.2016	84.3338		2.49826		16.20144	1.53E+01	0	0.78	5.05E+03	0	0	6.8300	0	0	0	0	0	0		
325.3250	68.8072		3.63689		1.40127		7.96E+02	0	0.97	5.37E+03	0	0	9.5940	0	0	0	0	0	0		
358.2136	61.3603		2.62792		1.59878		2.54E+03	0	1.52	6.47E+03	0	0	9.1040	0	0	0	0	0	0		
309.3488	70.9541		1.99891		6.45054		3.00E+02	0	1.09	6.01E+03	0	0	9.4260	0	0	0	0	0	0		
318.0498	68.0525		2.76568		1.71225		2.57E+04	0	1.02	5.93E+03	0	0	8.7640	0	0	0	0	0	0		
3.0218		66.6505		3.11433		5.80783		9.29E+02	0	1.29	6.25E+03	0	0	9.7560	0	0	0	0	0	0		
352.0167	75.5526		2.286392	12.052791	5.24E+01	0	0.81	5.50E+03	0	0	8.3570	0	0	0	0	0	0		
50.9165		25.0479		3.677997	7.626095	1.29E+02	0	0.95	5.47E+03	0	0	9.6930	0	0	0	0	0	0		
266.7673	57.2267		1.916028	12.15828	2.67E+00	0	0.32	3.43E+03	0	0	11.0480	0	0	0	0	0	0		
56.3906		37.1123		1.830385	0.98933		1.22E+02	0	0.47	3.46E+03	0	0	9.4840	0	0	0	0	0	0		
35.8073		56.5700		3.434813	0.901465	3.26E+02	0	0.61	3.90E+03	0	0	11.7820	0	0	0	0	0	0		
44.3389		76.5514		1.365212	1.949394	2.34E+01	0	0.26	3.41E+03	0	0	9.6150	0	0	0	0	0	0		
272.2643	53.2177		2.687783	40.158134	6.29E+00	0	0.78	4.76E+03	0	0	7.5500	0	0	0	0	0	0		
45.4012		69.2299		2.55523		7.33454		2.58E+01	0	0.83	4.87E+03	0	0	8.8040	0	0	0	0	0	0		
188.3547	84.6790		3.37304		0.66647		3.91E+03	0	1.99	5.33E+03	0	0	7.9450	0	0	0	0	0	0		
287.6663	66.7681		3.17156		1.83509		1.20E+03	0	2.56	5.29E+03	0	0	9.3360	0	0	0	0	0	0		
61.1723		52.2570		3.67705		3.27767		5.74E+02	0	1.15	5.41E+03	0	0	9.6410	0	0	0	0	0	0		
277.9252	82.3060		2.00111		5.87731		1.87E+02	0	1.01	5.98E+03	0	0	9.0340	0	0	0	0	0	0		
85.5813		49.5135		3.73817		1.3567		3.05E+03	0	1.86	6.38E+03	0	0	8.4790	0	0	0	0	0	0		
276.9379	55.7558		2.46062		11.83441	3.92E+01	0	1.34	6.23E+03	0	0	8.6690	0	0	0	0	0	0		
348.6075	76.9343		2.84616		2.36155		1.34E+03	0	1.04	5.42E+03	0	0	9.3670	0	0	0	0	0	0		
45.9565		83.5874		2.248112	2.679485	6.92E+02	0	1.07	5.55E+03	0	0	8.9050	0	0	0	0	0	0		
292.3140	65.9738		1.532034	4.802445	4.45E+00	0	0.21	3.23E+03	0	0	11.6370	0	0	0	0	0	0		
81.6710		56.9636		3.26185		1.537559	1.16E+03	0	0.93	5.67E+03	0	0	9.7980	0	0	0	0	0	0		
65.9797		27.8224		2.390933	3.057601	1.22E+02	0	0.70	4.40E+03	0	0	8.8240	0	0	0	0	0	0		
68.5940		43.0370		1.468637	0.669174	2.05E+02	0	0.46	3.46E+03	0	0	9.6160	0	0	0	0	0	0		
61.7311		66.1196		3.717241	6.702137	5.06E+02	0	1.46	6.14E+03	0	0	9.3540	0	0	0	0	0	0		
257.7851	56.6589		2.047184	9.12381		1.49E+02	0	1.15	5.47E+03	0	0	5.6200	0	0	0	0	0	0		
272.4041	86.8603		3.746702	16.731638	5.94E+01	0	1.00	5.76E+03	0	0	8.9350	0	0	0	0	0	0		
90.3083		34.7731		1.478547	1.766881	5.70E+01	0	0.46	3.47E+03	0	0	9.1920	0	0	0	0	0	0		
21.9218		72.2966		2.085673	3.131463	3.46E+01	0	0.52	3.58E+03	0	0	9.6400	0	0	0	0	0	0		
65.2807		48.8198		2.968968	2.500715	1.38E+01	0	0.28	3.18E+03	0	0	12.2330	0	0	0	0	0	0		
125.1888	46.2036		3.47217		4.54856		2.22E+02	0	1.04	5.65E+03	0	0	10.2510	0	0	0	0	0	0		
126.0886	42.1047		3.49799		1.12355		2.96E+03	0	1.01	5.52E+03	0	0	10.1870	0	0	0	0	0	0		
111.5593	32.3838		2.95177		0.40312		1.22E+03	0	0.89	4.25E+03	0	0	9.8920	0	0	0	0	0	0		
285.2056	60.2337		1.75543		4.51491		3.21E+02	0	0.97	5.62E+03	0	0	9.8250	0	0	0	0	0	0		
105.0833	56.8242		2.741667	8.088417	2.51E+02	0	1.24	5.88E+03	0	0	8.2650	0	0	0	0	0	0		
116.7972	68.4767		3.15697		13.716057	9.16E+01	0	1.09	5.78E+03	0	0	8.4780	0	0	0	0	0	0		
127.0326	56.4275		1.980636	0.685081	1.71E+02	0	0.38	3.54E+03	0	0	11.0960	0	0	0	0	0	0		
117.4794	27.3631		2.158585	7.108153	1.46E+02	0	0.90	5.69E+03	0	0	5.6240	0	0	0	0	0	0		
117.4794	27.3631		2.63597		20.545913	3.54E+01	0	0.90	5.69E+03	0	0	5.6240	0	0	0	0	0	0		
93.5585		53.1359		2.27447		1.832792	9.89E+02	0	0.99	5.57E+03	0	0	9.0960	0	0	0	0	0	0		
107.8658	48.3279		2.299128	6.222236	1.64E+01	0	0.53	3.69E+03	0	0	9.0610	0	0	0	0	0	0		
107.8658	48.3279		1.440684	2.155669	6.74E+01	0	0.53	3.69E+03	0	0	9.0610	0	0	0	0	0	0		
111.8015	53.0453		2.539205	4.121356	4.42E+01	0	0.63	3.88E+03	0	0	10.1300	0	0	0	0	0	0		
254.5033	57.3053		2.500865	28.87226	2.80E+01	0	0.99	5.77E+03	0	0	9.6700	0	0	0	0	0	0		
313.3392	64.2292		2.373393	10.385193	2.36E+02	0	1.26	6.44E+03	0	0	7.8610	0	0	0	0	0	0		
43.4345		69.1013		3.702256	7.074152	3.49E+02	0	1.41	5.66E+03	0	0	7.6880	0	0	0	0	0	0		
248.2533	72.9255		3.161169	14.446534	3.96E+02	0	1.95	6.67E+03	0	0	8.1330	0	0	0	0	0	0		
54.5022		50.9551		3.586413	3.697386	5.98E+01	0	0.67	3.95E+03	0	0	11.3100	0	0	0	0	0	0		
240.1725	83.2587		2.145596	8.303966	5.37E+01	0	0.78	4.81E+03	0	0	8.9820	0	0	0	0	0	0		
351.0180	43.3767		2.461646	19.428419	2.72E+01	0	0.84	5.37E+03	0	0	9.6510	0	0	0	0	0	0		
247.0435	63.4991		1.374797	10.941661	1.63E+01	0	0.61	4.32E+03	0	0	9.5060	0	0	0	0	0	0		
257.3289	71.8767		2.196405	21.272109	5.57E+01	0	1.16	5.71E+03	0	0	7.6460	0	0	0	0	0	0		
257.7473	71.8722		1.603593	4.265874	8.96E+00	0	0.32	3.28E+03	0	0	10.8070	0	0	0	0	0	0		
281.1363	54.9499		2.288984	5.985568	1.38E+01	0	0.42	3.76E+03	0	0	11.5180	0	0	0	0	0	0		
281.7677	54.9107		1.562508	2.525267	2.61E+01	0	0.41	3.34E+03	0	0	10.2770	0	0	0	0	0	0		
270.8060	60.6752		1.439628	2.754667	1.46E+02	0	0.70	4.44E+03	0	0	9.4760	0	0	0	0	0	0		
270.7393	60.4176		1.667805	1.831811	4.05E+02	0	0.77	4.84E+03	0	0	9.7530	0	0	0	0	0	0		
282.7372	64.4195		2.105749	4.489235	3.62E+01	0	0.56	3.96E+03	0	0	11.0690	0	0	0	0	0	0		
282.7372	64.4195		2.501938	9.046152	1.42E+01	0	0.56	3.96E+03	0	0	11.0690	0	0	0	0	0	0		
240.3020	68.9373		2.524305	11.337809	3.34E+01	0	0.77	4.77E+03	0	0	10.8150	0	0	0	0	0	0		
243.4888	63.5335		2.809697	37.473479	3.81E+01	0	1.27	6.11E+03	0	0	8.2510	0	0	0	0	0	0		
253.4615	60.7096		1.841138	0.935143	1.94E+02	0	0.53	3.65E+03	0	0	11.3730	0	0	0	0	0	0		
252.4698	61.1736		2.963485	5.384942	2.38E+02	0	0.96	5.70E+03	0	0	10.5530	0	0	0	0	0	0		
265.5943	57.4478		2.400014	16.217297	6.30E+00	0	0.59	3.85E+03	0	0	10.4840	0	0	0	0	0	0		
306.3288	77.6364		2.138		2.78351		5.56E+01	0	0.56	3.76E+03	0	0	10.8120	0	0	0	0	0	0		
255.4007	79.0671		2.07957		2.125617	2.10E+02	0	0.71	4.43E+03	0	0	10.3050	0	0	0	0	0	0		
354.7416	75.6852		3.380949	20.703854	2.08E+01	0	0.81	5.17E+03	0	0	9.3150	0	0	0	0	0	0		
326.8517	62.7538		3.234794	37.696127	2.49E+00	0	0.63	3.96E+03	0	0	8.7710	0	0	0	0	0	0		
290.1740	73.1960		2.643702	11.062666	1.76E+00	0	0.25	3.21E+03	0	0	10.7950	0	0	0	0	0	0		
281.5776	75.3034		2.381151	11.5919		1.74E+02	0	1.19	6.31E+03	0	0	10.0280	0	0	0	0	0	0		
17.9150		79.1655		3.921671	24.149899	3.89E+01	0	0.95	6.16E+03	0	0	9.9450	0	0	0	0	0	0		
259.5642	74.3027		2.290914	3.79794		2.24E+01	0	0.47	3.52E+03	0	0	11.3910	0	0	0	0	0	0		
152.1028	55.5400		3.07592		7.33855		2.92E+02	0	1.10	5.99E+03	0	0	9.3710	0	0	0	0	0	0		
144.0003	51.6078		3.26528		0.60987		7.21E+02	0	0.89	5.49E+03	0	0	8.8240	0	0	0	0	0	0		
156.8377	34.3910		2.45751		8.05147		1.35E+02	0	1.00	5.58E+03	0	0	8.7370	0	0	0	0	0	0		
133.1468	28.3298		1.79818		0.73665		2.13E+03	0	0.96	5.25E+03	0	0	4.7680	0	0	0	0	0	0		
148.1619	35.1110		2.739662	16.710042	7.38E+01	0	1.09	5.85E+03	0	0	7.0550	0	0	0	0	0	0		
164.7773	40.9837		1.403392	2.800991	5.60E+02	0	0.95	5.72E+03	0	0	7.0290	0	0	0	0	0	0		
151.8070	46.1149		2.332202	14.653199	7.15E+01	0	0.98	5.86E+03	0	0	8.1240	0	0	0	0	0	0		
136.7776	46.6724		2.829971	6.515951	4.14E+02	0	1.33	6.02E+03	0	0	7.9040	0	0	0	0	0	0		
213.0788	74.4118		2.564396	4.987638	5.60E+01	0	0.67	4.34E+03	0	0	10.2480	0	0	0	0	0	0		
287.6810	64.1537		2.282278	1.419866	1.26E+03	0	0.98	5.41E+03	0	0	8.4520	0	0	0	0	0	0		
161.4278	69.2008		2.03371		9.62517		1.71E+02	0	0.93	6.15E+03	0	0	9.7500	0	0	0	0	0	0		
151.7200	45.8833		3.66576		8.81866		4.70E+03	0	0.99	5.50E+03	0	0	7.9630	0	0	0	0	0	0		
																		
																		
																		
																		
																		
																		
																		
																		
																		
																		
																		
																		
																		
																		
																		
																		
																		
																		
																		
																		
																		
																		
																		
																		
																		
																		
																		
																		
																		
																		
																		
																		
																		
																		
																		
																		
																		
																		
																		
																		
																		
																		
																		
																		
																		
																		
																		
																		
																		
																		
																		
																		
																		
																		
																		
																		
																		
																		
																		
																		
																		
																		
																		
																		
																		
																		
																		
																		
																		
																		
																		
																		
																		
																		
																		
																		
																		
																		
																		
																		
																		
																		
																		
																		
																		
																		
																		
																		
																		
																		
																		
																		
																		
																		
																		
																		
																		
																		
																		
																		
																		
																		
																		
																		
																		
																		
																		
																		
																		
																		
																		
																		
																		
																		
																		
																		
																		
																		
																		
																		
																		
																		
																		
																		
																		
																		
																		
																		
																		
																		
																		
																		
																		
																		
																		
																		
																		
																		
																		
																		
																		
																		
																		
																		
																		
																		
																		
																		
																		
																		
																		
																		
																		
																		
																		
																		
																		
																		
																		
																		
																		
																		
																		
																		
																		
																		
																		
																		
																		
																		
																		
																		
																		
																		
																		
																		
																		
																		
																		
																		
																		
																		
																		
																		
																		
																		
																		
																		
																		
																		
																		
																		
																		
																		
																		
																		
																		
																		
																		
																		
																		
																		
																		
																		
																		
																		
																		
																		
																		
																		
																		
																		
																		
																		
																		
																		
																		
																		
																		
																		
																		
																		
																		
																		
																		
																		
																		
																		
																		
																		
																		
																		
																		
																		
																		
																		
																		
																		
																		
																		
																		
																		
																		
																		
																		
																		
																		
																		
																		
																		
																		
																		
																		
																		
																		
																		
																		
																		
																		
																		
																		
																		
																		
																		
																		
																		
																		
																		
																		
																		
																		
																		
																		
																		
																		
																		
																		
																		
																		
																		
																		
																		
																		
																		
																		
																		
																		
																		
																		
																		
																		
																		
																		
																		
																		
																		
																		
																		
																		
																		
																		
																		
																		
																		
																		
																		
																		
																		
																		
																		
																		
																		
																		
																		
																		
																		
																		
																		
																		
																		
																		
																		
																		
																		
																		
																		
																		
																		
																		
																		
																		
																		
																		
																		
																		
																		
																		
																		
																		
																		
																		
																		
																		
																		
																		
																		
																		
																		
																		
																		
																		
																		
																		
																		
																		
																		
																		
																		
																		
																		
																		
																		
																		
																		
																		
																		
																		
																		
																		
																		
																		
																		
																		
																		
																		
																		
																		
																		
																		
																		
																		
																		
																		
																		
																		
																		
																		
																		
																		
																		
																		
																		
																		
																		
																		
																		
																		
																		
																		
																		
																		
																		
																		
																		
																		
																		
																		
																		
																		
																		
																		
																		
																		
																		
																		
																		
																		
																		
																		
																		
																		
																		
																		
																		
																		
																		
																		
																		
																		
																		
																		
																		
																		
																		
																		
																		
																		
																		
																		
																		
																		
																		
																		
																		
																		
																		
																		
																		
																		
																		
																		
																		
																		
																		
																		
																		
																		
																		
																		
																		
																		
																		
																		
																		
																		
																		
																		
																		
																		
																		
																		
																		
																		
																		
																		
																		
																		
																		
																		
																		
																		
																		
																		
																		
																		
																		
																		
																		
																		
																		
																		
																		
																		
																		
																		
																		
																		
																		
																		
																		
																		
																		
																		
																		
																		
																		
																		
																		
																		
																		
																		
																		
																		
																		
																		
																		
																		
																		
																		
																		
																		
																		
																		
																		
																		
																		
																		
																		
																		
																		
																		
																		
																		
																		
																		
																		
																		
																		
																		
																		
																		
																		
																		
																		
																		
																		
																		
																		
																		
																		
																		
																		
																		
																		
																		
																		
																		
																		
																		
																		
																		
																		
																		
																		
																		
																		
																		
																		
																		
																		
																		
																		
																		
																		
																		
																		
																		
																		
																		
																		
																		
																		
																		
																		
																		
																		
																		
																		
																		
																		
																		
																		
																		
																		
																		
																		
																		
																		
																		
																		
																		
																		
																		
																		
																		
																		
																		
																		
																		
																		
																		
																		
																		
																		
																		
																		
																		
																		
																		
																		
																		
																		
																		
																		
																		
																		
																		
																		
																		
																		
																		
																		
																		
																		
																		
																		
																		
																		
																		
																		
																		
																		
																		
																		
																		
																		
																		
																		
																		
																		
																		
																		
																		
																		
																		
																		
																		
																		
																		
																		
																		
																		
																		
																		
																		
																		
																		
																		
																		
																		
																		
																		
																		
																		
																		
																		
																		
																		
																		
																		
																		
																		
																		
																		
																		
																		
																		
																		
																		
																		
																		
																		
																		
																		
																		
																		
																		
																		
																		
																		
																		
																		
																		
																		
																		
																		
																		
																		
																		
																		
																		
																		
																		
																		
																		
																		
																		
																		
																		
																		
																		
																		
																		
																		
																		
																		
																		
																		
																		
																		
																		
																		
																		
																		
																		
																		
																		
																		
																		
																		
																		
																		
																		
																		
																		
																		
																		
																		
																		
																		
																		
																		
																		
																		
																		
																		
																		
																		
																		
																		
																		
																		
																		
																		
																		
																		
																		
																		
																		
																		
																		
																		
																		
																		
																		
																		
																		
																		
																		
																		
																		
																		
																		
																		
																		
																		
																		
																		
																		
																		
																		
																		
																		
																		
																		
																		
																		
																		
																		
																		
																		
																		
																		
																		
																		
																		
																		
																		
																		
																		
																		
																		
																		
																		
																		
																		
																		
																		
																		
																		
																		
																		
																		
																		
																		
																		
																		
																		
																		
																		
																		
																		
																		
																		
																		
																		
																		
																		
																		
																		
																		
																		
																		
																		
																		
																		
																		
																		
																		
																		
																		
																		
																		
																		
																		
																		
																		
																		
																		
																		
																		
																		
																		
																		
																		
																		
																		
																		
																		
																		
																		
																		
																		
																		
																		
																		
																		
																		
																		
																		
																		
																		
																		
																		
																		
																		
																		
																		
																		
																		
																		
																		
																		
																		
																		
																		
																		
																		
																		
																		
																		
																		
																		
																		
																		
																		
																		
																		
																		
																		
																		
																		
																		
																		
																		
																		
																		
																		
																		
																		
																		
																		
																		
																		
																		
																		
																		
																		
																		
																		
																		
																		
																		
																		
																		
																		
																		
																		
																		
																		
																		
																		
																		
																		
																		
																		
																		
																		
																		
																		
																		
																		
																		
																		
																		
																		
																		
																		
																		
																		
																		
																		
																		
																		
																		
																		
																		
																		
																		
																		
																		
																		
																		
																		
																		
